entry_date,entry_time,entry_price,exit_date,exit_time,exit_price,side,pnl,pnl%,pnl%_adj,status
2022-04-01,08:10:00,4535.07089758771,2022-04-01,08:15:00,4536.53687541029,long,-1.4659778225804985,-0.000323149103124587,-0.000323149103124587,lose
2022-04-01,09:11:00,4511.34832573939,2022-04-01,09:14:00,4510.52287211036,long,0.8254536290296528,0.00018300619516509187,0.00018300619516509187,win
2022-04-01,09:44:00,4512.68496258946,2022-04-01,10:00:00,4513.37770452495,short,-0.6927419354897211,-0.00015348636450152053,0.00015348636450152053,win
2022-04-01,11:12:00,4523.71134305316,2022-04-01,11:15:00,4524.4924922467,short,-0.7811491935399317,-0.00017264901972513513,0.00017264901972513513,win
2022-04-01,11:26:00,4527.35670595638,2022-04-01,11:29:00,4528.13785514993,short,-0.7811491935499362,-0.00017251002918594605,0.00017251002918594605,win
2022-04-01,11:42:00,4537.97465192257,2022-04-01,11:53:00,4542.37908740644,long,-4.404435483869747,-0.0009696318601151166,-0.0009696318601151166,lose
2022-04-01,13:49:00,4537.13716213501,2022-04-01,13:57:00,4537.56942019952,long,-0.4322580645102789,-9.526202785703486e-05,-9.526202785703486e-05,lose
2022-04-04,06:33:00,4537.94764600598,2022-04-04,06:40:00,4538.32587181243,long,-0.3782258064502457,-8.334038082180584e-05,-8.334038082180584e-05,lose
2022-04-04,06:49:00,4541.32569907556,2022-04-04,06:50:00,4541.46667689814,short,-0.14097782257977087,-3.1042355390753507e-05,3.1042355390753507e-05,win
2022-04-04,08:08:00,4564.23152579281,2022-04-04,08:47:00,4570.59831972443,long,-6.366793931620123,-0.0013929891638353453,-0.0013929891638353453,lose
2022-04-04,09:11:00,4566.22662986318,2022-04-04,09:43:00,4566.67947708533,long,-0.4528472221500124,-9.916334711523866e-05,-9.916334711523866e-05,lose
2022-04-04,10:01:00,4559.70169063381,2022-04-04,10:18:00,4556.3745232951,long,3.327167338710751,0.0007302225314667066,0.0007302225314667066,win
2022-04-04,11:07:00,4565.26116997427,2022-04-04,11:26:00,4564.82747338807,long,0.4336965862003126,9.500831931297249e-05,9.500831931297249e-05,win
2022-04-04,11:54:00,4572.16611106655,2022-04-04,12:51:00,4573.1372365011,short,-0.9711254345502311,-0.00021235431703192642,0.00021235431703192642,win
2022-04-04,12:55:00,4573.23401069465,2022-04-04,12:59:00,4575.77669161745,long,-2.5426809227992635,-0.0005556829133417374,-0.0005556829133417374,lose
2022-04-04,13:16:00,4577.28132871423,2022-04-04,14:00:00,4578.40957324333,short,-1.1282445290999021,-0.00024642717324663277,0.00024642717324663277,win
2022-04-05,06:35:00,4578.26138775946,2022-04-05,06:40:00,4578.13789985624,short,0.12348790321993874,2.6973390911511075e-05,-2.6973390911511075e-05,lose
2022-04-05,06:49:00,4577.91562163043,2022-04-05,07:00:00,4580.22359103415,long,-2.307969403719653,-0.000503898850754303,-0.000503898850754303,lose
2022-04-05,07:05:00,4580.8143168406,2022-04-05,07:06:00,4580.93246200189,long,-0.11814516128924879,-2.5790635917344318e-05,-2.5790635917344318e-05,lose
2022-04-05,08:02:00,4564.14489277612,2022-04-05,08:10:00,4567.02110245354,long,-2.8762096774198653,-0.0006297780572712686,-0.0006297780572712686,lose
2022-04-05,08:39:00,4552.35363087285,2022-04-05,08:57:00,4548.1720784535,long,4.181552419349828,0.0009193918671546175,0.0009193918671546175,win
2022-04-05,09:33:00,4538.85252139665,2022-04-05,09:51:00,4532.53165446116,short,6.3208669354908125,0.0013945554973167074,-0.0013945554973167074,lose
2022-04-05,10:06:00,4547.32991252289,2022-04-05,10:08:00,4547.82033590999,short,-0.49042338710023614,-0.00010783701880823227,0.00010783701880823227,win
2022-04-05,10:29:00,4552.96978147451,2022-04-05,10:34:00,4554.19583994225,long,-1.226058467740586,-0.00026921513936395414,-0.00026921513936395414,lose
2022-04-05,11:37:00,4542.8619556103,2022-04-05,11:58:00,4544.55127012643,long,-1.6893145161293432,-0.00037172306256816334,-0.00037172306256816334,lose
2022-04-05,12:39:00,4519.4841498697,2022-04-05,12:47:00,4516.95955309551,long,2.5245967741893764,0.0005589150720775038,0.0005589150720775038,win
2022-04-05,12:50:00,4516.01282930519,2022-04-05,12:51:00,4515.69725470841,short,0.31557459678060695,6.988391359752377e-05,-6.988391359752377e-05,lose
2022-04-05,13:13:00,4526.89022638226,2022-04-05,13:54:00,4524.32389350094,long,2.566332881319795,0.0005672301412829039,0.0005672301412829039,win
2022-04-06,06:30:00,4524.46290559771,2022-04-06,06:31:00,4524.48276446868,long,-0.0198588709699834,-4.389202479915255e-06,-4.389202479915255e-06,lose
2022-04-06,07:12:00,4460.44398214513,2022-04-06,07:14:00,4459.60940553223,long,0.834576612899582,0.00018714119040663668,0.00018714119040663668,win
2022-04-06,07:59:00,4464.73979879347,2022-04-06,08:04:00,4464.65764153541,long,0.0821572580598513,1.8401692728930996e-05,1.8401692728930996e-05,win
2022-04-06,08:09:00,4464.57548427734,2022-04-06,08:22:00,4457.31938643454,long,7.256097842800045,0.0016279061951187668,0.0016279061951187668,win
2022-04-06,09:13:00,4466.7330337779,2022-04-06,09:15:00,4466.93454587467,long,-0.20151209676987492,-4.51119430339153e-05,-4.51119430339153e-05,lose
2022-04-06,09:48:00,4462.19687069232,2022-04-06,10:21:00,4462.94218935687,short,-0.7453186645498135,-0.00016700163993321748,0.00016700163993321748,win
2022-04-06,11:02:00,4485.49240041265,2022-04-06,11:05:00,4486.8829246062,short,-1.3905241935499362,-0.0003099087310534099,0.0003099087310534099,win
2022-04-06,11:24:00,4454.20900352323,2022-04-06,11:25:00,4453.17498134581,short,1.034022177420411,0.0002321988652482787,-0.0002321988652482787,lose
2022-04-06,11:55:00,4487.81029639337,2022-04-06,11:57:00,4489.54013510305,short,-1.7298387096798251,-0.0003853042088106662,0.0003853042088106662,win
2022-04-06,12:00:00,4492.13489316757,2022-04-06,12:02:00,4493.86473187724,short,-1.7298387096698207,-0.0003849334176436736,0.0003849334176436736,win
2022-04-06,12:50:00,4494.79210723692,2022-04-06,12:53:00,4485.63051124934,long,9.161595987579858,0.0020424321540981616,0.0020424321540981616,win
2022-04-06,12:54:00,4486.14916044289,2022-04-06,12:55:00,4486.66780963644,long,-0.5186491935501181,-0.00011559785915871146,-0.00011559785915871146,lose
2022-04-07,06:30:00,4472.33531575425,2022-04-07,06:33:00,4472.08944881877,long,0.24586693548008043,5.497808983778718e-05,5.497808983778718e-05,win
2022-04-07,06:34:00,4472.00749317361,2022-04-07,06:37:00,4471.76162623812,short,0.24586693549008487,5.498212025600857e-05,-5.498212025600857e-05,lose
2022-04-07,06:49:00,4470.77815849619,2022-04-07,06:50:00,4470.69620285103,long,0.08195564516063314,1.833174106269375e-05,1.833174106269375e-05,win
2022-04-07,07:00:00,4480.94204528604,2022-04-07,07:04:00,4481.87329528604,short,-0.9312499999996362,-0.0002077814205455608,0.0002077814205455608,win
2022-04-07,07:40:00,4462.85561842623,2022-04-07,07:41:00,4462.43530592623,long,0.4203124999994543,9.418904055391586e-05,9.418904055391586e-05,win
2022-04-07,07:48:00,4459.49311842623,2022-04-07,07:50:00,4458.65249342623,long,0.8406249999998181,0.00018853790494754996,0.00018853790494754996,win
2022-04-07,08:28:00,4459.60125282488,2022-04-07,08:29:00,4459.43366209908,long,0.1675907258004372,3.758116803598277e-05,3.758116803598277e-05,win
2022-04-07,08:42:00,4457.25498266359,2022-04-07,08:47:00,4456.41702903456,long,0.8379536290303804,0.00018803303720704712,0.00018803303720704712,win
2022-04-07,08:49:00,4456.08184758295,2022-04-07,08:54:00,4455.24389395392,long,0.8379536290303804,0.00018808254923308176,0.00018808254923308176,win
2022-04-07,09:02:00,4454.33621594776,2022-04-07,09:04:00,4454.20365546389,short,0.13256048387029296,2.9760759526098468e-05,-2.9760759526098468e-05,lose
2022-04-07,10:32:00,4481.5658673621,2022-04-07,10:39:00,4486.82715768468,long,-5.261290322579953,-0.0011726082012250005,-0.0011726082012250005,lose
2022-04-07,11:07:00,4483.27704299418,2022-04-07,11:09:00,4483.9192808974,short,-0.6422379032201206,-0.00014323137036753586,0.00014323137036753586,win
2022-04-07,11:14:00,4485.52487565547,2022-04-07,11:16:00,4486.16711355869,short,-0.6422379032201206,-0.00014315960305599784,0.00014315960305599784,win
2022-04-07,11:18:00,4486.80935146192,2022-04-07,11:25:00,4489.05718412321,long,-2.2478326612899764,-0.0005007360274313921,-0.0005007360274313921,lose
2022-04-07,11:26:00,4489.37830307482,2022-04-07,11:29:00,4490.34165992966,short,-0.9633568548397307,-0.00021453976730467783,0.00021453976730467783,win
2022-04-07,11:44:00,4485.6567577311,2022-04-07,11:48:00,4485.61099160207,short,0.0457661290301985,1.0202875174947224e-05,-1.0202875174947224e-05,lose
2022-04-07,12:50:00,4504.84386555844,2022-04-07,12:51:00,4504.70228289715,long,0.1415826612892488,3.142997081662102e-05,3.142997081662102e-05,win
2022-04-07,12:52:00,4504.56070023586,2022-04-07,12:55:00,4504.13595225199,short,0.42474798387047485,9.43017680579139e-05,-9.43017680579139e-05,lose
2022-04-07,13:07:00,4497.63082477769,2022-04-07,13:22:00,4488.21802235834,short,9.412802419349646,0.0020972248612833866,-0.0020972248612833866,lose
2022-04-08,06:32:00,4487.99693811139,2022-04-08,06:33:00,4487.79068811139,long,0.2062499999992724,4.595802574880459e-05,4.595802574880459e-05,win
2022-04-08,07:15:00,4477.01515941705,2022-04-08,07:16:00,4476.92801223963,short,0.08714717741986533,1.9465842913124476e-05,-1.9465842913124476e-05,lose
2022-04-08,07:19:00,4476.66657070738,2022-04-08,07:23:00,4476.3179819977,short,0.3485887096794613,7.78739828317665e-05,-7.78739828317665e-05,lose
2022-04-08,07:41:00,4490.27099117588,2022-04-08,07:49:00,4493.63994278878,long,-3.368951612899764,-0.0007497155214463147,-0.0007497155214463147,lose
2022-04-08,07:52:00,4494.90329964362,2022-04-08,07:53:00,4495.32441859523,short,-0.42111895160996937,-9.36793237586997e-05,9.36793237586997e-05,win
2022-04-08,09:19:00,4508.44935526462,2022-04-08,09:21:00,4508.69320607107,short,-0.24385080644970003,-5.4084586221470055e-05,5.4084586221470055e-05,win
2022-04-08,09:41:00,4511.13171413559,2022-04-08,09:43:00,4511.37556494204,short,-0.24385080644970003,-5.405242878575578e-05,5.405242878575578e-05,win
2022-04-08,10:52:00,4498.36064466389,2022-04-08,11:25:00,4501.5548525771,short,-3.194207913210448,-0.000709578805061506,0.000709578805061506,win
2022-04-08,12:22:00,4499.72758870641,2022-04-08,12:30:00,4500.21710483544,long,-0.4895161290305623,-0.00010877611404669363,-0.00010877611404669363,lose
2022-04-08,12:32:00,4500.3394838677,2022-04-08,12:35:00,4500.52305241608,long,-0.1835685483792986,-4.0788269772495944e-05,-4.0788269772495944e-05,lose
2022-04-08,13:00:00,4490.31869398821,2022-04-08,13:17:00,4486.33517584305,short,3.9835181451599055,0.0008879225445770356,-0.0008879225445770356,lose
2022-04-08,13:33:00,4488.52157222887,2022-04-08,14:00:00,4483.7612998744,long,4.760272354470544,0.0010616694413692063,0.0010616694413692063,win
2022-04-11,06:30:00,4483.70565471311,2022-04-11,06:31:00,4483.65000955182,long,0.05564516128924879,1.241068352131336e-05,1.241068352131336e-05,win
2022-04-11,09:46:00,4428.59103566079,2022-04-11,09:54:00,4428.10635824144,short,0.4846774193501915,0.0001094547827307224,-0.0001094547827307224,lose
2022-04-11,09:58:00,4427.28913318979,2022-04-11,10:01:00,4427.21866948012,short,0.07046370966963877,1.5916021983697348e-05,-1.5916021983697348e-05,lose
2022-04-11,10:24:00,4426.67844770592,2022-04-11,10:30:00,4428.8556671106,long,-2.1772194046798177,-0.0004915986359294022,-0.0004915986359294022,lose
2022-04-11,11:01:00,4430.33504022884,2022-04-11,11:06:00,4430.501370874,long,-0.16633064516008744,-3.754217214635425e-05,-3.754217214635425e-05,lose
2022-04-11,11:13:00,4430.73423377723,2022-04-11,11:15:00,4430.80076603529,long,-0.0665322580598513,-1.501585414764861e-05,-1.501585414764861e-05,lose
2022-04-11,11:32:00,4423.87809567737,2022-04-11,11:45:00,4420.1727025322,short,3.705393145170092,0.0008382914864497604,-0.0008382914864497604,lose
2022-04-11,12:02:00,4438.43662859778,2022-04-11,12:03:00,4438.86319109778,short,-0.4265624999998181,-9.609723968406758e-05,9.609723968406758e-05,win
2022-04-11,12:40:00,4417.1851540894,2022-04-11,12:42:00,4416.20178715391,short,0.9833669354902668,0.00022267255503383154,-0.00022267255503383154,lose
2022-04-11,12:45:00,4414.72673675069,2022-04-11,12:52:00,4411.28495247649,long,3.4417842742004723,0.0007802226134288048,0.0007802226134288048,win
2022-04-11,12:54:00,4410.30158554101,2022-04-11,12:59:00,4407.8431682023,long,2.4584173387102055,0.0005577370257736636,0.0005577370257736636,win
2022-04-11,13:05:00,4406.9764383423,2022-04-11,13:12:00,4404.87255729391,short,2.103881048389667,0.0004776258611400852,-0.0004776258611400852,lose
2022-04-11,13:38:00,4407.50955724426,2022-04-11,13:59:00,4406.12825684104,short,1.3813004032199387,0.00031349527809942934,-0.00031349527809942934,lose
2022-04-12,07:48:00,4442.46576302752,2022-04-12,07:50:00,4441.65275899526,long,0.8130040322594141,0.00018304088058496149,0.00018304088058496149,win
2022-04-12,07:57:00,4438.80724488236,2022-04-12,08:02:00,4436.77473480171,long,2.0325100806494447,0.0004581053134626867,0.0004581053134626867,win
2022-04-12,08:09:00,4436.19344631163,2022-04-12,08:14:00,4435.62212574711,long,0.5713205645206472,0.00012880280337768113,0.00012880280337768113,win
2022-04-12,09:17:00,4440.41601818927,2022-04-12,09:20:00,4439.45235891507,short,0.9636592741999266,0.0002170671506958044,-0.0002170671506958044,lose
2022-04-12,09:23:00,4438.48869964088,2022-04-12,09:24:00,4438.16747988281,long,0.32121975807058334,7.237666436132884e-05,7.237666436132884e-05,win
2022-04-12,10:13:00,4428.6020541172,2022-04-12,10:30:00,4427.57211460107,short,1.0299395161300708,0.00023261947845720776,-0.00023261947845720776,lose
2022-04-12,10:33:00,4427.39036056881,2022-04-12,10:38:00,4427.08743718172,short,0.3029233870902317,6.842498400772001e-05,-6.842498400772001e-05,lose
2022-04-12,10:39:00,4427.0268525043,2022-04-12,10:42:00,4426.84509847204,long,0.18175403225995979,4.1057237878616704e-05,4.1057237878616704e-05,win
2022-04-12,11:45:00,4398.7209473053,2022-04-12,11:46:00,4394.39995446127,short,4.3209928440301155,0.0009832953051174265,-0.0009832953051174265,lose
2022-04-12,12:03:00,4391.84652704191,2022-04-12,12:07:00,4391.2457205903,long,0.6008064516099694,0.00013681913740160034,0.00013681913740160034,win
2022-04-12,13:06:00,4391.54281634761,2022-04-12,13:09:00,4392.08066917019,short,-0.5378528225801347,-0.000122459686670906,0.000122459686670906,win
2022-04-12,13:22:00,4397.10008621675,2022-04-12,13:30:00,4398.30371524901,long,-1.203629032259414,-0.0002736575530439822,-0.0002736575530439822,lose
2022-04-12,13:34:00,4398.90552976513,2022-04-12,14:00:00,4396.75276530336,long,2.152764461769948,0.0004896259982498652,0.0004896259982498652,win
2022-04-13,06:32:00,4396.76758385175,2022-04-13,06:34:00,4396.777462884,short,-0.009879032249955344,-2.2468802056696546e-06,2.2468802056696546e-06,win
2022-04-13,06:51:00,4412.10536341455,2022-04-13,06:56:00,4414.92769204359,long,-2.8223286290394753,-0.0006392695024486361,-0.0006392695024486361,lose
2022-04-13,09:04:00,4420.75852279383,2022-04-13,09:21:00,4418.53669819706,short,2.221824596769693,0.0005028417208068348,-0.0005028417208068348,lose
2022-04-13,09:27:00,4426.43679224122,2022-04-13,09:35:00,4428.35614707993,long,-1.9193548387102055,-0.000433423775089925,-0.000433423775089925,lose
2022-04-13,09:40:00,4429.55574385412,2022-04-13,09:44:00,4430.51542127348,short,-0.9596774193596502,-0.00021660626995034793,0.00021660626995034793,win
2022-04-13,11:31:00,4433.26904643707,2022-04-13,11:37:00,4433.79888514675,long,-0.529838709680007,-0.00011949994201476688,-0.00011949994201476688,lose
2022-04-13,11:41:00,4434.1521109532,2022-04-13,11:53:00,4435.21178837256,short,-1.059677419360014,-0.0002389237470323824,0.0002389237470323824,win
2022-04-13,13:14:00,4440.92838122684,2022-04-13,13:59:00,4439.87711110311,long,1.051270123730319,0.00023677910388575363,0.00023677910388575363,win
2022-04-14,06:30:00,4439.88240344182,2022-04-14,06:34:00,4443.96124066747,short,-4.078837225649295,-0.0009178381639162181,0.0009178381639162181,win
2022-04-14,06:40:00,4444.87363986102,2022-04-14,06:43:00,4445.32983945779,long,-0.456199596769693,-0.00010262446505548972,-0.00010262446505548972,lose
2022-04-14,07:09:00,4426.52923518934,2022-04-14,07:22:00,4416.90700736676,long,9.622227822580498,0.0021784990733406673,0.0021784990733406673,win
2022-04-14,07:38:00,4424.94507211787,2022-04-14,07:40:00,4425.16190679529,long,-0.21683467741968343,-4.9000394106824e-05,-4.9000394106824e-05,lose
2022-04-14,07:47:00,4425.92082816626,2022-04-14,07:50:00,4426.24608018239,short,-0.32525201612952515,-7.348258778150374e-05,7.348258778150374e-05,win
2022-04-14,07:59:00,4427.22183623077,2022-04-14,08:13:00,4426.44677209192,long,0.7750641388502117,0.00017509848841679165,0.00017509848841679165,win
2022-04-14,08:15:00,4426.65594547902,2022-04-14,08:21:00,4427.28346564031,long,-0.6275201612897945,-0.0001417393230318531,-0.0001417393230318531,lose
2022-04-14,08:24:00,4427.59722572095,2022-04-14,08:26:00,4427.80639910805,short,-0.20917338710023614,-4.724086110508008e-05,4.724086110508008e-05,win
2022-04-14,08:31:00,4428.32933257579,2022-04-14,08:38:00,4428.28153006613,long,0.047802509660868964,1.0794821724058323e-05,1.0794821724058323e-05,win
2022-04-14,09:20:00,4416.51273422359,2022-04-14,09:28:00,4415.74660519133,long,0.7661290322603236,0.00017349931976617938,0.00017349931976617938,win
2022-04-14,09:42:00,4407.72391898216,2022-04-14,10:03:00,4400.132588337,short,7.591330645160269,0.0017252504311533468,-0.0017252504311533468,lose
2022-04-14,10:12:00,4409.31845362167,2022-04-14,10:14:00,4409.56290926684,short,-0.2444556451691824,-5.5437613704412136e-05,5.5437613704412136e-05,win
2022-04-14,10:35:00,4412.12969354103,2022-04-14,10:45:00,4412.7858968281,short,-0.6562032870697294,-0.00014870499099928214,0.00014870499099928214,win
2022-04-14,11:54:00,4410.14295287897,2022-04-14,11:58:00,4408.93650126607,long,1.2064516129003096,0.00027363778374978054,0.00027363778374978054,win
2022-04-14,12:07:00,4406.22198513704,2022-04-14,12:09:00,4405.61875933058,long,0.6032258064597045,0.00013692192616132637,0.00013692192616132637,win
2022-04-14,12:50:00,4395.09530361164,2022-04-14,12:51:00,4394.72579756325,long,0.36950604838966683,8.407943189414624e-05,8.407943189414624e-05,win
2022-04-14,12:53:00,4393.98678546647,2022-04-14,12:59:00,4391.76974917615,long,2.217036290319811,0.0005048161486005398,0.0005048161486005398,win
2022-04-14,13:16:00,4385.48814635357,2022-04-14,13:59:00,4386.83793388542,short,-1.34978753184987,-0.000307690311835751,0.000307690311835751,win
2022-04-18,06:30:00,4386.85305485316,2022-04-18,06:31:00,4386.8681758209,long,-0.015120967740585911,-3.4468707822421507e-06,-3.4468707822421507e-06,lose
2022-04-18,09:24:00,4370.09794814519,2022-04-18,09:33:00,4366.72929895164,short,3.3686491935495724,0.0007714353152961095,-0.0007714353152961095,lose
2022-04-18,10:03:00,4374.2940276853,2022-04-18,10:07:00,4374.93374542723,long,-0.6397177419303262,-0.00014622341254855176,-0.00014622341254855176,lose
2022-04-18,10:18:00,4376.69296921755,2022-04-18,10:27:00,4380.44443805888,long,-3.7514688413302792,-0.0008564128353589773,-0.0008564128353589773,lose
2022-04-18,10:29:00,4380.71883322017,2022-04-18,10:31:00,4380.99322838146,short,-0.2743951612892488,-6.263309413756524e-05,6.263309413756524e-05,win
2022-04-18,10:58:00,4411.47453763506,2022-04-18,10:59:00,4412.23663440926,long,-0.7620967741995628,-0.00017272345917629384,-0.00017272345917629384,lose
2022-04-18,11:48:00,4394.69141961972,2022-04-18,12:01:00,4396.28860424636,short,-1.5971846266393186,-0.0003633029517435826,0.0003633029517435826,win
2022-04-18,12:30:00,4381.99056581967,2022-04-18,12:32:00,4381.09963840032,long,0.8909274193501915,0.00020335703199747535,0.00020335703199747535,win
2022-04-18,12:44:00,4375.75407388419,2022-04-18,12:46:00,4374.86314646484,long,0.8909274193501915,0.00020364692323471267,0.00020364692323471267,win
2022-04-18,12:52:00,4372.19036420677,2022-04-18,12:53:00,4371.74490049709,short,0.4454637096796432,0.00010189608950628148,-0.00010189608950628148,lose
2022-04-19,06:42:00,4396.77923152908,2022-04-19,06:43:00,4396.62081419037,short,0.15841733871002361,3.603161277832001e-05,-3.603161277832001e-05,lose
2022-04-19,07:35:00,4439.46848953137,2022-04-19,07:40:00,4441.49142299911,long,-2.0229334677396764,-0.0004554626532125017,-0.0004554626532125017,lose
2022-04-19,07:41:00,4441.89600969266,2022-04-19,07:46:00,4443.9189431604,short,-2.0229334677396764,-0.00045521385372093714,0.00045521385372093714,win
2022-04-19,07:52:00,4446.34646332169,2022-04-19,08:00:00,4449.58315687008,long,-3.236693548389667,-0.000727415003671128,-0.000727415003671128,lose
2022-04-19,08:15:00,4445.83865194636,2022-04-19,08:24:00,4446.57670638185,short,-0.7380544354900849,-0.00016598261634181988,0.00016598261634181988,win
2022-04-19,08:29:00,4446.98673662378,2022-04-19,08:33:00,4447.31476081733,short,-0.32802419354993617,-7.375780919305353e-05,7.375780919305353e-05,win
2022-04-19,08:39:00,4446.88114071935,2022-04-19,08:51:00,4447.85432620322,short,-0.9731854838701111,-0.00021879886626163803,0.00021879886626163803,win
2022-04-19,09:01:00,4448.66531410644,2022-04-19,09:23:00,4448.97488225506,long,-0.3095681486202011,-6.958190522832197e-05,-6.958190522832197e-05,lose
2022-04-19,09:25:00,4448.99433790022,2022-04-19,09:28:00,4449.02352136797,short,-0.029183467750044656,-6.559522018667607e-06,6.559522018667607e-06,win
2022-04-19,09:29:00,4449.03324919055,2022-04-19,09:39:00,4446.53016250017,long,2.5030866903798596,0.0005629303296961208,0.0005629303296961208,win
2022-04-19,09:51:00,4445.99729959694,2022-04-19,10:09:00,4445.43618540699,short,0.5611141899498762,0.00012622252722738203,-0.00012622252722738203,lose
2022-04-19,10:45:00,4439.36497729229,2022-04-19,10:48:00,4438.95383817939,long,0.41113911289994576,9.262072278470868e-05,9.262072278470868e-05,win
2022-04-19,12:50:00,4464.60939891589,2022-04-19,12:51:00,4464.73802794814,short,-0.12862903225050104,-2.8809984246591647e-05,2.8809984246591647e-05,win
2022-04-19,12:53:00,4464.99528601266,2022-04-19,12:54:00,4465.12391504492,long,-0.12862903226050548,-2.8807494418470192e-05,-2.8807494418470192e-05,lose
2022-04-20,06:30:00,4443.74508608097,2022-04-20,06:31:00,4443.79427962935,short,-0.04919354837966239,-1.1070167807991638e-05,1.1070167807991638e-05,win
2022-04-20,07:56:00,4483.65837864776,2022-04-20,08:00:00,4485.6357980026,long,-1.977419354839185,-0.000440833684205888,-0.000440833684205888,lose
2022-04-20,08:24:00,4462.43864566438,2022-04-20,08:30:00,4459.06848437406,short,3.370161290319629,0.000755799401181978,-0.000755799401181978,lose
2022-04-20,09:52:00,4475.42988974526,2022-04-20,10:08:00,4483.14601877752,short,-7.716129032260142,-0.0017211415822597775,0.0017211415822597775,win
2022-04-20,10:25:00,4475.11188926477,2022-04-20,10:40:00,4475.07030660348,long,0.04158266128979449,9.292068825939026e-06,9.292068825939026e-06,win
2022-04-20,10:43:00,4475.06199007122,2022-04-20,10:47:00,4475.05090136154,short,0.011088709679825115,2.477895765684579e-06,-2.477895765684579e-06,lose
2022-04-20,12:00:00,4450.3937043862,2022-04-20,12:02:00,4449.45136567653,short,0.9423387096694569,0.00021178761879236951,-0.00021178761879236951,lose
2022-04-20,12:28:00,4468.86667208626,2022-04-20,12:33:00,4471.63305313464,long,-2.766381048380026,-0.0006186511763170977,-0.0006186511763170977,lose
2022-04-20,13:04:00,4465.1516960952,2022-04-20,13:06:00,4465.0329460952,short,0.1187500000005457,2.659554843931211e-05,-2.659554843931211e-05,lose
2022-04-20,13:23:00,4464.0235710952,2022-04-20,13:47:00,4472.01297612436,short,-7.98940502915957,-0.001786534402251072,0.001786534402251072,win
2022-04-21,06:30:00,4471.03031828547,2022-04-21,06:31:00,4471.17789893063,short,-0.14758064516081504,-3.300710651576999e-05,3.300710651576999e-05,win
2022-04-21,07:48:00,4485.73212017903,2022-04-21,08:01:00,4481.23978146936,long,4.492338709669639,0.0010024767539211776,0.0010024767539211776,win
2022-04-21,09:07:00,4456.36855640776,2022-04-21,09:13:00,4453.2618023755,long,3.106754032259232,0.0006976356141024098,0.0006976356141024098,win
2022-04-21,09:26:00,4446.53050197227,2022-04-21,09:35:00,4447.28342404784,short,-0.752922075569586,-0.00016929932360465472,0.00016929932360465472,win
2022-04-21,09:46:00,4445.20040993494,2022-04-21,09:50:00,4444.44295025752,long,0.7574596774193196,0.00017042848471615635,0.00017042848471615635,win
2022-04-21,10:10:00,4431.16337176566,2022-04-21,10:17:00,4426.31770644308,short,4.845665322579407,0.001094739610653317,-0.001094739610653317,lose
2022-04-21,11:17:00,4417.31201498366,2022-04-21,11:21:00,4415.04790208043,short,2.2641129032308527,0.0005128172906490036,-0.0005128172906490036,lose
2022-04-21,12:42:00,4397.65614206344,2022-04-21,12:43:00,4397.68396464409,long,-0.02782258065053611,-6.326643950393951e-06,-6.326643950393951e-06,lose
2022-04-21,12:46:00,4397.76743238602,2022-04-21,12:48:00,4397.82307754731,long,-0.055645161290158285,-1.2652887646624755e-05,-1.2652887646624755e-05,lose
2022-04-21,12:53:00,4397.96219045054,2022-04-21,12:55:00,4398.01783561183,short,-0.055645161290158285,-1.2652327337048241e-05,1.2652327337048241e-05,win
2022-04-21,12:56:00,4398.04565819247,2022-04-21,12:57:00,4398.07348077312,long,-0.027822580649626616,-6.326083629826229e-06,-6.326083629826229e-06,lose
2022-04-21,13:13:00,4386.9453388321,2022-04-21,14:00:00,4384.89119688407,short,2.05414194802961,0.00046845904625625323,-0.00046845904625625323,lose
2022-04-22,06:30:00,4384.82078357762,2022-04-22,06:35:00,4384.46871704537,long,0.35206653225031914,8.029856180336026e-05,8.029856180336026e-05,win
2022-04-22,06:50:00,4362.44554852838,2022-04-22,06:56:00,4356.9717582058,short,5.473790322579589,0.0012563290804605831,-0.0012563290804605831,lose
2022-04-22,06:58:00,4355.14716143161,2022-04-22,06:59:00,4354.23486304451,short,0.9122983870993266,0.00020951979298189372,-0.00020951979298189372,lose
2022-04-22,07:00:00,4353.32256465741,2022-04-22,07:01:00,4352.41026627032,short,0.9122983870902317,0.000209607626872943,-0.000209607626872943,lose
2022-04-22,07:45:00,4337.27656360175,2022-04-22,07:51:00,4334.93432569853,short,2.3422379032199387,0.0005403168138753411,-0.0005403168138753411,lose
2022-04-22,07:56:00,4332.98246077917,2022-04-22,08:03:00,4330.24984989208,short,2.732610887089322,0.0006310515517153892,-0.0006310515517153892,lose
2022-04-22,08:19:00,4339.00239708161,2022-04-22,08:32:00,4339.58163095257,short,-0.5792338709597971,-0.00013347689252540818,0.00013347689252540818,win
2022-04-22,08:53:00,4319.33180462503,2022-04-22,09:02:00,4313.20871994761,long,6.123084677419683,0.001419612421977634,0.001419612421977634,win
2022-04-22,09:05:00,4311.1676917218,2022-04-22,09:08:00,4309.12666349599,short,2.041028225809896,0.00047365240922259133,-0.00047365240922259133,lose
2022-04-22,10:20:00,4311.05628848716,2022-04-22,10:21:00,4310.89666147103,long,0.15962701612988894,3.702872712230132e-05,3.702872712230132e-05,win
2022-04-22,10:29:00,4309.619645342,2022-04-22,10:34:00,4308.82151026135,short,0.7981350806494447,0.0001852328017646343,-0.0001852328017646343,lose
2022-04-22,11:17:00,4299.86959365714,2022-04-22,11:18:00,4299.72246664101,short,0.14712701613007084,3.421779365342381e-05,-3.421779365342381e-05,lose
2022-04-22,11:30:00,4298.9844938465,2022-04-22,11:31:00,4298.95954424973,short,0.024949596770056814,5.803636092149844e-06,-5.803636092149844e-06,lose
2022-04-22,11:54:00,4285.62198139398,2022-04-22,11:55:00,4285.10176970043,long,0.5202116935497543,0.00012140007904326566,0.00012140007904326566,win
2022-04-22,12:00:00,4282.50071123269,2022-04-22,12:01:00,4281.98049953914,short,0.5202116935506638,0.0001214885713765046,-0.0001214885713765046,lose
2022-04-22,12:33:00,4308.53579865815,2022-04-22,12:42:00,4315.45364140009,short,-6.917842741940149,-0.001603039521864913,0.001603039521864913,win
2022-04-25,06:57:00,4227.97466163771,2022-04-25,06:58:00,4227.29048825061,long,0.6841733870996904,0.00016184678791320017,0.00016184678791320017,win
2022-04-25,07:07:00,4221.13292776674,2022-04-25,07:10:00,4219.08040760545,short,2.0525201612899764,0.0004864851965347139,-0.0004864851965347139,lose
2022-04-25,07:43:00,4233.27086481757,2022-04-25,07:45:00,4234.04989707564,long,-0.779032258069492,-0.0001839922242313774,-0.0001839922242313774,lose
2022-04-25,07:51:00,4236.38699384983,2022-04-25,07:52:00,4236.77650997886,long,-0.3895161290301985,-9.19369072484022e-05,-9.19369072484022e-05,lose
2022-04-25,08:05:00,4222.35620601494,2022-04-25,08:10:00,4218.60872617623,long,3.747479838709296,0.0008883212646522143,0.0008883212646522143,win
2022-04-25,08:12:00,4217.10973424075,2022-04-25,08:13:00,4216.36023827301,short,0.7494959677405859,0.00017775899718852628,-0.00017775899718852628,lose
2022-04-25,08:36:00,4223.11815427115,2022-04-25,08:37:00,4223.31664217438,short,-0.1984879032297613,-4.6998110737828114e-05,4.6998110737828114e-05,win
2022-04-25,10:07:00,4227.4611264878,2022-04-25,10:08:00,4227.27564261683,short,0.1854838709705291,4.387787470028215e-05,-4.387787470028215e-05,lose
2022-04-25,11:08:00,4233.02329272321,2022-04-25,11:09:00,4232.9353894974,short,0.08790322580989596,2.0766493631807492e-05,-2.0766493631807492e-05,lose
2022-04-25,12:16:00,4263.79213096369,2022-04-25,12:20:00,4263.37580031852,short,0.4163306451700919,9.765281426488137e-05,-9.765281426488137e-05,lose
2022-04-25,12:41:00,4299.0311788267,2022-04-25,12:42:00,4300.31570503638,long,-1.2845262096798251,-0.0002987050946458014,-0.0002987050946458014,lose
2022-04-26,06:30:00,4293.4129391525,2022-04-26,06:31:00,4293.42443108798,long,-0.011491935480080429,-2.676636252640918e-06,-2.676636252640918e-06,lose
2022-04-26,06:42:00,4265.97573493915,2022-04-26,06:44:00,4263.15678332625,long,2.8189516129004915,0.0006612357359048193,0.0006612357359048193,win
2022-04-26,06:49:00,4256.10940429399,2022-04-26,06:50:00,4254.69992848754,short,1.4094758064502457,0.00033127502059859815,-0.00033127502059859815,lose
2022-04-26,06:52:00,4251.88097687463,2022-04-26,06:53:00,4250.47150106818,short,1.4094758064493362,0.0003316045775381138,-0.0003316045775381138,lose
2022-04-26,06:56:00,4246.24307364883,2022-04-26,07:02:00,4237.78621881012,short,8.45685483871057,0.0019955831658458045,-0.0019955831658458045,lose
2022-04-26,07:12:00,4246.77340491115,2022-04-26,07:15:00,4246.17461458856,long,0.5987903225895934,0.00014101877029082388,0.00014101877029082388,win
2022-04-26,07:44:00,4220.85865866933,2022-04-26,07:45:00,4220.22488850804,long,0.6337701612901583,0.00015017449970877728,0.00015017449970877728,win
2022-04-26,08:44:00,4210.44723330689,2022-04-26,08:51:00,4208.39027766173,short,2.0569556451600874,0.0004887749256712315,-0.0004887749256712315,lose
2022-04-26,08:57:00,4206.62717282302,2022-04-26,09:07:00,4203.6886647585,long,2.938508064520647,0.0006990308509655652,0.0006990308509655652,win
2022-04-26,09:57:00,4226.17593024878,2022-04-26,09:58:00,4226.23948871653,short,-0.06355846775022655,-1.5039012322914935e-05,1.5039012322914935e-05,win
2022-04-26,10:02:00,4226.49372258749,2022-04-26,10:03:00,4226.55728105523,long,-0.06355846774022211,-1.503788154610941e-05,-1.503788154610941e-05,lose
2022-04-26,10:43:00,4209.16480911915,2022-04-26,10:46:00,4208.50251073206,short,0.6622983870902317,0.00015737150813177614,-0.00015737150813177614,lose
2022-04-26,10:50:00,4207.64353114236,2022-04-26,10:51:00,4207.7238738843,short,-0.080342741939603,-1.9094109867445752e-05,1.9094109867445752e-05,win
2022-04-26,10:54:00,4207.9649021101,2022-04-26,10:55:00,4208.04524485204,long,-0.080342741939603,-1.9092651638685787e-05,-1.9092651638685787e-05,lose
2022-04-26,10:58:00,4208.28627307785,2022-04-26,11:11:00,4209.33072872301,long,-1.0444556451602693,-0.0002481286723405862,-0.0002481286723405862,lose
2022-04-26,11:12:00,4209.41107146494,2022-04-26,11:15:00,4209.65209969075,long,-0.24102822581062355,-5.7256091501756146e-05,-5.7256091501756146e-05,lose
2022-04-26,11:18:00,4209.89312791656,2022-04-26,11:19:00,4206.14952797611,long,3.7435999404497124,0.0008900301607326355,0.0008900301607326355,win
2022-04-26,11:44:00,4207.1147497503,2022-04-26,11:51:00,4206.33880133545,long,0.7759484148500633,0.00018447121154485657,0.00018447121154485657,win
2022-04-26,12:14:00,4199.6810896419,2022-04-26,12:15:00,4199.3916239161,long,0.2894657258002553,6.893039557254177e-05,6.893039557254177e-05,win
2022-04-26,12:24:00,4192.39239101176,2022-04-26,12:28:00,4188.9381571408,short,3.454233870959797,0.0008246084667236087,-0.0008246084667236087,lose
2022-04-26,12:37:00,4181.16613093112,2022-04-26,12:38:00,4180.30257246338,short,0.863558467740404,0.00020657798156253904,-0.00020657798156253904,lose
2022-04-26,12:54:00,4183.62323006558,2022-04-26,12:56:00,4183.21929861397,long,0.40393145161033317,9.655995126633954e-05,9.655995126633954e-05,win
2022-04-27,08:03:00,4212.20253412598,2022-04-27,08:04:00,4213.27128412598,long,-1.0687500000003638,-0.0002536627546455561,-0.0002536627546455561,lose
2022-04-27,08:28:00,4202.19643717791,2022-04-27,08:29:00,4202.47163879082,short,-0.2752016129097683,-6.548565619568514e-05,6.548565619568514e-05,win
2022-04-27,08:52:00,4208.80127588759,2022-04-27,08:53:00,4209.07647750049,long,-0.27520161289976386,-6.538289678770237e-05,-6.538289678770237e-05,lose
2022-04-27,09:05:00,4206.62685017841,2022-04-27,09:07:00,4206.2977171139,short,0.32913306450973323,7.824768636099932e-05,-7.824768636099932e-05,lose
2022-04-27,09:36:00,4231.8157376415,2022-04-27,09:42:00,4236.34507231892,long,-4.529334677419683,-0.0010691609394652968,-0.0010691609394652968,lose
2022-04-27,10:00:00,4228.93528820536,2022-04-27,10:01:00,4228.90756643117,long,0.027721774189558346,6.555303882604946e-06,6.555303882604946e-06,win
2022-04-27,10:04:00,4228.82440110859,2022-04-27,10:06:00,4228.7689575602,short,0.05544354839003063,1.3111037502122613e-05,-1.3111037502122613e-05,lose
2022-04-27,11:38:00,4210.16150448787,2022-04-27,11:40:00,4209.3597907782,long,0.8017137096703664,0.00019045977286769045,0.00019045977286769045,win
2022-04-27,11:55:00,4203.34693795562,2022-04-27,11:56:00,4202.94608110078,long,0.40085685483973066,9.537520755786844e-05,9.537520755786844e-05,win
2022-04-27,12:09:00,4194.53005601171,2022-04-27,12:10:00,4193.66866488267,long,0.8613911290403848,0.00020540276256286738,0.00020540276256286738,win
2022-04-27,12:13:00,4191.08449149558,2022-04-27,12:16:00,4188.50031810848,short,2.5841733870993266,0.0006169686500743232,-0.0006169686500743232,lose
2022-04-27,12:35:00,4189.52254080429,2022-04-27,12:36:00,4189.49325653009,short,0.029284274200108484,6.989932291867618e-06,-6.989932291867618e-06,lose
2022-04-27,12:44:00,4189.25898233654,2022-04-27,12:45:00,4189.22969806235,short,0.029284274190104043,6.990372049431315e-06,-6.990372049431315e-06,lose
2022-04-27,12:49:00,4189.11256096558,2022-04-27,12:50:00,4189.08327669138,long,0.029284274200108484,6.990616386870485e-06,6.990616386870485e-06,win
2022-04-27,13:05:00,4188.64401257848,2022-04-27,13:06:00,4181.35534940117,short,7.2886631773099,0.0017431341199818373,-0.0017431341199818373,lose
2022-04-27,13:37:00,4204.31223905496,2022-04-27,13:38:00,4204.72065639367,long,-0.4084173387100236,-9.713304927616573e-05,-9.713304927616573e-05,lose
2022-04-27,13:43:00,4206.76274308722,2022-04-27,13:46:00,4207.98799510335,long,-1.2252520161300708,-0.0002911728877449393,-0.0002911728877449393,lose
2022-04-27,13:47:00,4208.39641244206,2022-04-27,13:48:00,4208.80482978077,short,-0.4084173387100236,-9.703879253797343e-05,9.703879253797343e-05,win
2022-04-27,13:55:00,4211.66375115173,2022-04-27,14:00:00,4213.70583784528,short,-2.042086693550118,-0.00048462962820261524,0.00048462962820261524,win
2022-04-28,06:30:00,4214.11425518399,2022-04-28,06:32:00,4214.93108986141,short,-0.8168346774200472,-0.00019379549985643063,0.00019379549985643063,win
2022-04-28,07:41:00,4191.90293971349,2022-04-28,07:43:00,4190.6910445522,long,1.2118951612901583,0.00028918742718242463,0.00028918742718242463,win
2022-04-28,08:11:00,4214.19231686517,2022-04-28,08:18:00,4219.92250839743,short,-5.730191532259596,-0.001357890226860059,0.001357890226860059,win
2022-04-28,08:21:00,4222.37830476839,2022-04-28,08:25:00,4225.65269992968,long,-3.2743951612901583,-0.0007748850636363214,-0.0007748850636363214,lose
2022-04-28,09:05:00,4217.83347630138,2022-04-28,09:06:00,4217.85182307558,long,-0.018346774199926585,-4.34979107122313e-06,-4.34979107122313e-06,lose
2022-04-28,09:46:00,4262.56824802102,2022-04-28,09:47:00,4263.74591939199,short,-1.177671370970529,-0.0002762058042938831,0.0002762058042938831,win
2022-04-28,10:47:00,4279.0003905651,2022-04-28,10:52:00,4279.49157000058,short,-0.4911794354802623,-0.00011477518472602366,0.00011477518472602366,win
2022-04-28,11:00:00,4280.27745709736,2022-04-28,11:06:00,4280.86687241994,short,-0.5894153225799528,-0.0001376859734595337,0.0001376859734595337,win
2022-04-28,11:09:00,4281.16158008123,2022-04-28,11:13:00,4281.55452362961,short,-0.3929435483805719,-9.17759066740853e-05,9.17759066740853e-05,win
2022-04-28,11:14:00,4281.65275951671,2022-04-28,11:19:00,4281.03837167356,long,0.6143878431503254,0.0001435137435850109,0.0001435137435850109,win
2022-04-28,11:20:00,4281.0867083671,2022-04-28,11:21:00,4281.13504506065,short,-0.048336693549572374,-1.1290625743121119e-05,1.1290625743121119e-05,win
2022-04-28,11:22:00,4281.1833817542,2022-04-28,11:24:00,4281.2800551413,short,-0.09667338710005424,-2.2580486643053455e-05,2.2580486643053455e-05,win
2022-04-28,12:00:00,4296.45699531288,2022-04-28,12:05:00,4298.42876950643,long,-1.971774193550118,-0.0004587197553529432,-0.0004587197553529432,lose
2022-04-28,12:10:00,4300.40054369998,2022-04-28,12:15:00,4302.37231789353,long,-1.971774193550118,-0.0004582992934734076,-0.0004582992934734076,lose
2022-04-28,12:19:00,4297.00395660355,2022-04-28,12:22:00,4297.08152716806,short,-0.07757056451009703,-1.805191826587116e-05,1.805191826587116e-05,win
2022-04-28,12:30:00,4297.28838200677,2022-04-28,12:33:00,4297.36595257129,long,-0.07757056452010147,-1.8050723484153153e-05,-1.8050723484153153e-05,lose
2022-04-28,12:50:00,4284.638308022,2022-04-28,12:52:00,4283.37318705426,long,1.265120967740586,0.0002953562326915016,0.0002953562326915016,win
2022-04-28,12:55:00,4281.47550560265,2022-04-28,12:59:00,4278.94526366717,long,2.530241935479353,0.0005913237444199471,0.0005913237444199471,win
2022-04-28,13:01:00,4277.68014269942,2022-04-28,13:02:00,4277.04758221555,long,0.6325604838693835,0.00014789652715108126,0.00014789652715108126,win
2022-04-29,07:54:00,4208.83122663527,2022-04-29,07:57:00,4206.98495647398,short,1.8462701612897945,0.00043885827508094444,-0.00043885827508094444,lose
2022-04-29,09:57:00,4184.58539842992,2022-04-29,10:02:00,4182.15193068799,short,2.4334677419301443,0.0005818697604154099,-0.0005818697604154099,lose
2022-04-29,10:31:00,4197.70245473592,2022-04-29,10:36:00,4199.56560997785,short,-1.8631552419301443,-0.0004436542764097995,0.0004436542764097995,win
2022-04-29,10:40:00,4201.0561341714,2022-04-29,10:43:00,4202.17402731656,long,-1.1178931451595417,-0.00026602733201730455,-0.00026602733201730455,lose
2022-04-29,11:01:00,4184.09936409338,2022-04-29,11:03:00,4182.96609796435,long,1.1332661290298347,0.00027092405304962597,0.00027092405304962597,win
2022-04-29,11:11:00,4178.43303344822,2022-04-29,11:15:00,4176.16650119015,short,2.2665322580705833,0.0005427303383198634,-0.0005427303383198634,lose
2022-04-29,11:31:00,4175.65828543259,2022-04-29,11:32:00,4175.42890035194,long,0.2293850806499904,5.4936890586443354e-05,5.4936890586443354e-05,win
2022-04-29,11:35:00,4174.74074511001,2022-04-29,11:36:00,4174.51136002936,short,0.2293850806499904,5.494896548774442e-05,-5.494896548774442e-05,lose
2022-04-29,12:11:00,4153.69070164205,2022-04-29,12:13:00,4152.57144760979,short,1.1192540322599598,0.0002695327573241091,-0.0002695327573241091,lose
2022-04-29,12:14:00,4152.01182059366,2022-04-29,12:15:00,4151.45219357753,long,0.5596270161295251,0.00013480271240884356,0.00013480271240884356,win
2022-04-29,12:32:00,4150.97365818416,2022-04-29,12:33:00,4150.67844649061,short,0.2952116935493905,7.112372046047533e-05,-7.112372046047533e-05,lose
2022-04-29,12:46:00,4146.84069447448,2022-04-29,12:47:00,4146.54548278094,long,0.29521169354029553,7.11946112170736e-05,7.11946112170736e-05,win
2022-04-29,13:44:00,4139.68599851981,2022-04-29,13:56:00,4139.97753077787,long,-0.2915322580602151,-7.04188020086427e-05,-7.04188020086427e-05,lose
